# SOTA-944 additive slice Bplus (416 features) — pre-reg §3a
0
1
2
3
4
5
6
7
8
9
10
11
12
13
14
15
16
17
18
19
20
21
22
23
24
25
26
27
28
29
30
31
32
33
34
35
36
37
38
39
40
41
42
43
44
45
46
47
48
49
50
51
52
53
54
55
56
57
58
59
60
61
62
63
64
65
66
67
68
69
70
71
72
73
74
75
76
77
78
79
80
81
82
83
84
85
86
87
88
89
90
91
92
93
94
95
96
97
98
99
100
101
102
103
104
105
106
107
108
109
110
111
112
113
114
115
116
117
118
119
120
121
122
123
124
125
126
127
128
129
130
131
132
133
134
135
136
137
138
139
140
141
142
143
144
145
146
147
148
149
150
151
152
153
154
155
372
375
376
377
378
379
380
392
394
395
396
397
398
399
401
404
405
406
407
408
409
421
423
424
425
426
427
428
430
433
434
435
436
437
438
450
452
453
454
455
456
457
459
462
463
464
465
466
467
479
481
482
483
484
485
486
488
491
492
493
494
495
496
508
510
511
512
513
514
515
517
520
521
522
523
524
525
537
539
540
541
542
543
544
546
549
550
551
552
553
554
566
568
569
570
571
572
573
575
578
579
580
581
582
583
595
597
598
599
600
601
602
604
607
608
609
610
611
612
624
626
627
628
629
630
631
633
636
637
638
639
640
641
653
655
656
657
658
659
660
662
665
666
667
668
669
670
682
684
685
686
687
688
689
691
694
695
696
697
698
699
711
713
714
715
716
717
718
720
721
725
726
727
728
729
737
738
742
743
744
745
746
754
755
759
760
761
762
763
771
772
776
777
778
779
780
788
789
793
794
795
796
797
805
806
810
811
812
813
814
822
823
827
828
829
830
831
839
840
844
845
846
847
848
856
857
861
862
863
864
865
873
874
878
879
880
881
882
890
891
895
896
897
898
899
907
908
912
913
914
915
916
924
925
929
930
934
935
939
940
