# SOTA-944 additive slice P (240 features) — pre-reg §3a
0
1
2
3
4
5
6
7
8
9
10
11
12
13
14
15
16
17
18
19
20
21
22
23
24
25
26
27
28
29
30
31
32
33
34
35
36
37
38
39
40
41
42
43
44
45
46
47
48
49
50
51
52
53
54
55
56
57
58
59
60
61
62
63
64
65
66
67
68
69
70
71
72
73
74
75
76
77
78
79
80
81
82
83
84
85
86
87
88
89
90
91
92
93
94
95
96
97
98
99
100
101
102
103
104
105
106
107
108
109
110
111
112
113
114
115
116
117
118
119
120
121
122
123
124
125
126
127
128
129
130
131
132
133
134
135
136
137
138
139
140
141
142
143
144
145
146
147
148
149
150
151
152
153
154
155
720
721
725
726
727
728
729
737
738
742
743
744
745
746
754
755
759
760
761
762
763
771
772
776
777
778
779
780
788
789
793
794
795
796
797
805
806
810
811
812
813
814
822
823
827
828
829
830
831
839
840
844
845
846
847
848
856
857
861
862
863
864
865
873
874
878
879
880
881
882
890
891
895
896
897
898
899
907
908
912
913
914
915
916
