
### B  (n_inputs=372)

    corpus               R=5               R=4               R=3               R=2
      aic3  0.7637 (+0.0000)   0.7628 (-0.0008)   0.7622 (-0.0014)   0.7610 (-0.0026) 
      aic4  0.8904 (+0.0000)   0.8935 (+0.0031)   0.8930 (+0.0026)   0.8939 (+0.0034) 
     cid22  0.8821 (+0.0000)   0.8852 (+0.0030)   0.8883 (+0.0062)   0.8916 (+0.0095) 
      csiq  0.9349 (+0.0000)   0.9263 (-0.0086)   0.9113 (-0.0236)   0.8829 (-0.0520) 
     kadid  0.8085 (+0.0000)   0.7988 (-0.0097)   0.7826 (-0.0259)   0.7555 (-0.0530) 
    konjnd  0.5198 (+0.0000)   0.5312 (+0.0114)   0.5382 (+0.0184)   0.5385 (+0.0187) 
      live  0.8985 (+0.0000)   0.8860 (-0.0125)   0.8669 (-0.0317)   0.8430 (-0.0556) 
     sdr25  0.9576 (+0.0000)   0.9576 (+0.0000)   0.9481 (-0.0094)   0.9436 (-0.0139) 
       tid  0.7789 (+0.0000)   0.7727 (-0.0061)   0.7617 (-0.0172)   0.7427 (-0.0362) 
 COMPOSITE  0.8200 (+0.0000)  0.8240 (+0.0040)  0.8272 (+0.0073)  0.8297 (+0.0098)
       BAR    PASS (worst +0.0000)    FAIL (worst -0.0125)    FAIL (worst -0.0317)    FAIL (worst -0.0556)

### C944  (n_inputs=944)

    corpus               R=5               R=4               R=3               R=2
      aic3  0.8000 (+0.0000)   0.8011 (+0.0012)   0.8011 (+0.0011)   0.7936 (-0.0063) 
      aic4  0.9144 (+0.0000)   0.9160 (+0.0016)   0.9171 (+0.0027)   0.9136 (-0.0007) 
     cid22  0.8927 (+0.0000)   0.8947 (+0.0019)   0.8947 (+0.0020)   0.8878 (-0.0050) 
      csiq  0.9443 (+0.0000)   0.9466 (+0.0023)   0.9482 (+0.0040)   0.9452 (+0.0009) 
     kadid  0.9137 (+0.0000)   0.9130 (-0.0007)   0.9079 (-0.0059)   0.8916 (-0.0221) 
    konjnd  0.5006 (+0.0000)   0.5158 (+0.0152)   0.5365 (+0.0359)   0.5896 (+0.0890) 
      live  0.9636 (+0.0000)   0.9641 (+0.0005)   0.9646 (+0.0010)   0.9627 (-0.0009) 
     sdr25  0.9770 (+0.0000)   0.9790 (+0.0020)   0.9778 (+0.0009)   0.9792 (+0.0022) 
       tid  0.9386 (+0.0000)   0.9392 (+0.0006)   0.9366 (-0.0020)   0.9273 (-0.0114) 
 COMPOSITE  0.8286 (+0.0000)  0.8324 (+0.0038)  0.8355 (+0.0070)  0.8376 (+0.0090)
       BAR    PASS (worst +0.0000)    PASS (worst -0.0007)    FAIL (worst -0.0059)    FAIL (worst -0.0221)

### WLIN7b_g020  (n_inputs=944)

    corpus               R=5               R=4               R=3               R=2
      aic3  0.7444 (+0.0000)   0.7493 (+0.0049)   0.7533 (+0.0088)   0.7584 (+0.0139) 
      aic4  0.8538 (+0.0000)   0.8588 (+0.0051)   0.8657 (+0.0119)   0.8776 (+0.0238) 
     cid22  0.8588 (+0.0000)   0.8618 (+0.0030)   0.8674 (+0.0085)   0.8726 (+0.0137) 
      csiq  0.8794 (+0.0000)   0.8766 (-0.0028)   0.8771 (-0.0022)   0.8825 (+0.0032) 
     kadid  0.7218 (+0.0000)   0.7205 (-0.0012)   0.7167 (-0.0050)   0.7132 (-0.0086) 
    konjnd  0.5118 (+0.0000)   0.5162 (+0.0044)   0.5159 (+0.0040)   0.5173 (+0.0055) 
      live  0.8129 (+0.0000)   0.8343 (+0.0214)   0.8627 (+0.0498)   0.8916 (+0.0787) 
     sdr25  0.9035 (+0.0000)   0.9005 (-0.0030)   0.9034 (-0.0001)   0.9055 (+0.0020) 
       tid  0.7767 (+0.0000)   0.7695 (-0.0073)   0.7592 (-0.0175)   0.7487 (-0.0280) 
 COMPOSITE  0.7988 (+0.0000)  0.8022 (+0.0034)  0.8068 (+0.0080)  0.8117 (+0.0129)
       BAR    PASS (worst +0.0000)    FAIL (worst -0.0073)    FAIL (worst -0.0175)    FAIL (worst -0.0280)

### WLIN7b_g025  (n_inputs=944)

    corpus               R=5               R=4               R=3               R=2
      aic3  0.7438 (+0.0000)   0.7485 (+0.0047)   0.7528 (+0.0090)   0.7585 (+0.0147) 
      aic4  0.8518 (+0.0000)   0.8573 (+0.0054)   0.8650 (+0.0132)   0.8770 (+0.0251) 
     cid22  0.8555 (+0.0000)   0.8590 (+0.0035)   0.8653 (+0.0098)   0.8715 (+0.0159) 
      csiq  0.8829 (+0.0000)   0.8804 (-0.0025)   0.8811 (-0.0019)   0.8867 (+0.0037) 
     kadid  0.7225 (+0.0000)   0.7217 (-0.0007)   0.7184 (-0.0041)   0.7151 (-0.0074) 
    konjnd  0.5031 (+0.0000)   0.5082 (+0.0051)   0.5090 (+0.0059)   0.5107 (+0.0076) 
      live  0.7956 (+0.0000)   0.8106 (+0.0150)   0.8404 (+0.0447)   0.8725 (+0.0769) 
     sdr25  0.8998 (+0.0000)   0.9006 (+0.0008)   0.8993 (-0.0006)   0.8991 (-0.0008) 
       tid  0.7799 (+0.0000)   0.7726 (-0.0073)   0.7622 (-0.0178)   0.7510 (-0.0289) 
 COMPOSITE  0.7949 (+0.0000)  0.7988 (+0.0039)  0.8042 (+0.0093)  0.8099 (+0.0150)
       BAR    PASS (worst +0.0000)    FAIL (worst -0.0073)    FAIL (worst -0.0178)    FAIL (worst -0.0289)

### Verdict against the registered bar (no corpus loses > 0.005; composite does not fall)

         model  R  worst corpus delta  composite delta       
             B  5             +0.0000          +0.0000   PASS
             B  4             -0.0125          +0.0040   FAIL
             B  3             -0.0317          +0.0073   FAIL
             B  2             -0.0556          +0.0098   FAIL
          C944  5             +0.0000          +0.0000   PASS
          C944  4             -0.0007          +0.0038   PASS
          C944  3             -0.0059          +0.0070   FAIL
          C944  2             -0.0221          +0.0090   FAIL
   WLIN7b_g020  5             +0.0000          +0.0000   PASS
   WLIN7b_g020  4             -0.0073          +0.0034   FAIL
   WLIN7b_g020  3             -0.0175          +0.0080   FAIL
   WLIN7b_g020  2             -0.0280          +0.0129   FAIL
   WLIN7b_g025  5             +0.0000          +0.0000   PASS
   WLIN7b_g025  4             -0.0073          +0.0039   FAIL
   WLIN7b_g025  3             -0.0178          +0.0093   FAIL
   WLIN7b_g025  2             -0.0289          +0.0150   FAIL
